36
183,249,135
82,323,45
13
87,121,45
252,53,90
72
86,266,45
49,379,0
40
318,69,270
57,329,0
4
40,40,0
111,197,90
10
74,372,45
253,237,275
41
322,361,270
152,116,135
79
111,90,90
71,83,45
17
378,53,315
103,74,45
87
58,281,45
304,286,270
92
219,357,180
131,172,90
3
325,69,270
78,15,45
42
26,64,0
380,125,315
89
156,238,135
126,240,90
92
219,357,180
131,172,90
3
325,69,270
78,15,45
42
26,64,0
380,125,315
89
156,238,135
126,240,90
30
183,249,135
82,323,45
64
86,266,45
49,379,0
82
318,69,270
57,329,0
52
40,40,0
111,197,90
26
74,372,45
253,237,225
67
322,361,270
152,116,135
22
100,110,90
71,73,45
99
252,379,225
265,247,225
14
290,288,225
292,177,270
78
193,223,135
83,247,45
33
337,60,270
11,226,0
1
350,345,315
110,189,90
6
18,266,0
229,313,180
47
385,145,315
195,250,135
64
253,298,225
211,326,180
51
314,196,270
377,345,315
3
294,168,270
89,33,45
93
122,237,90
157,275,135
40
158,373,135
97,37,45
89
273,285,225
39,347,0
12
347,326,315
46,31,0
45
244,194,180
344,312,315
57
122,340,90
16,252,0
64
80,210,45
223,130,180
91
50,286,0
213,233,180
62
33,40,0
253,232,225
96
66,53,45
217,214,180
97
140,329,90
130,37,90
1
23,101,0
313,294,270
5
201,12,180
324,341,270


